,0,1,2,3,4,5,6
0,0,20,18,14,16,12,19
1,20,0,22,18,30,26,28
2,18,22,0,32,20,22,21
3,14,18,32,0,20,22,21
4,16,30,20,20,0,30,32
5,12,26,22,22,30,0,26
6,19,28,21,21,32,26,0
